#frequency 5 percentile 50 percentile 90 percentile
0.0052556 -179.00 -175.00 -166.00
0.00573128 -179.00 -174.00 -165.00
0.00625 -179.00 -175.00 -166.00
0.00681567 -178.00 -174.00 -166.00
0.00743254 -178.00 -175.00 -166.00
0.00810525 -178.00 -175.00 -166.00
0.00883883 -179.00 -176.00 -167.00
0.00963882 -179.00 -176.00 -167.00
0.0105112 -180.00 -176.00 -168.00
0.0114626 -180.00 -176.00 -168.00
0.0125 -181.00 -177.00 -168.00
0.0136313 -181.00 -177.00 -168.00
0.0148651 -181.00 -178.00 -167.00
0.0162105 -182.00 -178.00 -167.00
0.0176777 -182.00 -179.00 -166.00
0.0192776 -183.00 -179.00 -166.00
0.0210224 -183.00 -179.00 -165.00
0.0229251 -183.00 -178.00 -164.00
0.025 -182.00 -178.00 -162.00
0.0272627 -182.00 -177.00 -161.00
0.0297302 -181.00 -176.00 -159.00
0.032421 -180.00 -175.00 -158.00
0.0353553 -179.00 -172.00 -156.00
0.0385553 -176.00 -169.00 -154.00
0.0420448 -172.00 -165.00 -152.00
0.0458502 -169.00 -162.00 -150.00
0.05 -167.00 -160.00 -149.00
0.0545254 -165.00 -158.00 -148.00
0.0594604 -164.00 -156.00 -147.00
0.064842 -163.00 -155.00 -146.00
0.0707107 -162.00 -154.00 -145.00
0.0771105 -160.00 -152.00 -142.00
0.0840896 -158.00 -148.00 -139.00
0.0917004 -154.00 -144.00 -135.00
0.1 -150.00 -141.00 -133.00
0.109051 -148.00 -138.00 -130.00
0.118921 -146.00 -136.00 -129.00
0.129684 -145.00 -135.00 -128.00
0.141421 -144.00 -134.00 -127.00
0.154221 -143.00 -133.00 -126.00
0.168179 -142.00 -133.00 -126.00
0.183401 -141.00 -132.00 -126.00
0.2 -141.00 -132.00 -126.00
0.218102 -142.00 -133.00 -126.00
0.237841 -141.00 -133.00 -127.00
0.259368 -142.00 -134.00 -128.00
0.282843 -142.00 -135.00 -129.00
0.308442 -142.00 -136.00 -131.00
0.336359 -143.00 -137.00 -133.00
0.366802 -145.00 -139.00 -135.00
0.4 -146.00 -141.00 -137.00
0.436203 -148.00 -142.00 -139.00
0.475683 -149.00 -144.00 -141.00
0.518736 -151.00 -146.00 -143.00
0.565685 -152.00 -148.00 -145.00
0.616884 -155.00 -151.00 -147.00
0.672717 -157.00 -153.00 -150.00
0.733603 -159.00 -155.00 -152.00
0.8 -160.00 -157.00 -154.00
0.872406 -162.00 -159.00 -156.00
0.951366 -164.00 -161.00 -156.00
1.03747 -164.00 -161.00 -156.00
1.13137 -165.00 -161.00 -156.00
1.23377 -165.00 -161.00 -155.00
1.34543 -165.00 -161.00 -155.00
1.46721 -165.00 -161.00 -155.00
1.6 -164.00 -161.00 -154.00
1.74481 -164.00 -160.00 -154.00
1.90273 -164.00 -160.00 -154.00
2.07494 -163.00 -160.00 -153.00
2.26274 -162.00 -159.00 -153.00
2.46754 -161.00 -158.00 -153.00
2.69087 -161.00 -158.00 -153.00
2.93441 -160.00 -157.00 -153.00
3.2 -159.00 -157.00 -153.00
3.48962 -159.00 -156.00 -153.00
3.80546 -158.00 -156.00 -153.00
4.14989 -158.00 -156.00 -153.00
4.52548 -158.00 -156.00 -153.00
4.93507 -158.00 -156.00 -153.00
5.38174 -158.00 -156.00 -153.00
5.86883 -157.00 -155.00 -152.00
6.4 -156.00 -154.00 -152.00
6.97925 -155.00 -153.00 -151.00
7.61093 -154.00 -152.00 -150.00
8.29977 -152.00 -149.00 -147.00
9.05097 -139.00 -136.00 -134.00
9.87015 -92.00 -91.00 -89.00
