#frequency 5 percentile 50 percentile 90 percentile
0.0052556 -180.00 -177.00 -174.00
0.00573128 -180.00 -177.00 -174.00
0.00625 -180.00 -178.00 -174.00
0.00681567 -180.00 -177.00 -174.00
0.00743254 -180.00 -178.00 -174.00
0.00810525 -180.00 -178.00 -174.00
0.00883883 -181.00 -178.00 -174.00
0.00963882 -181.00 -178.00 -173.00
0.0105112 -181.00 -179.00 -173.00
0.0114626 -181.00 -179.00 -172.00
0.0125 -182.00 -179.00 -172.00
0.0136313 -182.00 -179.00 -171.00
0.0148651 -182.00 -180.00 -170.00
0.0162105 -183.00 -180.00 -170.00
0.0176777 -183.00 -180.00 -168.00
0.0192776 -183.00 -181.00 -167.00
0.0210224 -183.00 -180.00 -166.00
0.0229251 -183.00 -180.00 -164.00
0.025 -183.00 -179.00 -162.00
0.0272627 -182.00 -178.00 -160.00
0.0297302 -181.00 -177.00 -158.00
0.032421 -180.00 -175.00 -156.00
0.0353553 -178.00 -172.00 -154.00
0.0385553 -174.00 -168.00 -152.00
0.0420448 -170.00 -164.00 -150.00
0.0458502 -167.00 -161.00 -148.00
0.05 -165.00 -159.00 -147.00
0.0545254 -163.00 -157.00 -146.00
0.0594604 -162.00 -156.00 -145.00
0.064842 -161.00 -155.00 -145.00
0.0707107 -161.00 -154.00 -144.00
0.0771105 -159.00 -151.00 -140.00
0.0840896 -156.00 -146.00 -136.00
0.0917004 -151.00 -141.00 -132.00
0.1 -147.00 -137.00 -129.00
0.109051 -145.00 -135.00 -127.00
0.118921 -143.00 -133.00 -126.00
0.129684 -142.00 -132.00 -125.00
0.141421 -140.00 -131.00 -124.00
0.154221 -139.00 -130.00 -123.00
0.168179 -138.00 -130.00 -123.00
0.183401 -138.00 -130.00 -123.00
0.2 -138.00 -130.00 -124.00
0.218102 -138.00 -131.00 -124.00
0.237841 -138.00 -132.00 -126.00
0.259368 -138.00 -133.00 -127.00
0.282843 -138.00 -134.00 -129.00
0.308442 -139.00 -136.00 -132.00
0.336359 -140.00 -137.00 -134.00
0.366802 -142.00 -139.00 -136.00
0.4 -144.00 -141.00 -138.00
0.436203 -146.00 -143.00 -141.00
0.475683 -148.00 -145.00 -143.00
0.518736 -150.00 -147.00 -145.00
0.565685 -152.00 -149.00 -147.00
0.616884 -153.00 -151.00 -149.00
0.672717 -155.00 -153.00 -151.00
0.733603 -157.00 -154.00 -152.00
0.8 -158.00 -156.00 -153.00
0.872406 -160.00 -158.00 -154.00
0.951366 -161.00 -159.00 -154.00
1.03747 -162.00 -159.00 -154.00
1.13137 -162.00 -159.00 -154.00
1.23377 -163.00 -159.00 -153.00
1.34543 -163.00 -159.00 -153.00
1.46721 -163.00 -159.00 -152.00
1.6 -163.00 -158.00 -152.00
1.74481 -163.00 -158.00 -151.00
1.90273 -162.00 -158.00 -151.00
2.07494 -162.00 -158.00 -151.00
2.26274 -161.00 -158.00 -151.00
2.46754 -161.00 -157.00 -151.00
2.69087 -160.00 -157.00 -150.00
2.93441 -159.00 -157.00 -150.00
3.2 -159.00 -156.00 -150.00
3.48962 -158.00 -156.00 -150.00
3.80546 -157.00 -155.00 -151.00
4.14989 -157.00 -155.00 -151.00
4.52548 -157.00 -155.00 -151.00
4.93507 -157.00 -155.00 -151.00
5.38174 -157.00 -155.00 -151.00
5.86883 -156.00 -154.00 -151.00
6.4 -156.00 -153.00 -151.00
6.97925 -155.00 -153.00 -150.00
7.61093 -154.00 -153.00 -149.00
8.29977 -152.00 -150.00 -147.00
9.05097 -139.00 -136.00 -134.00
9.87015 -93.00 -92.00 -88.00
